22222222222222222 vn¹

quea 32 la Terra. 5. 22912392111322322121222 32 Murs. 5. 222. 1235211132
9332319222 32 Mara. 5. 222. 1239211132 2322121222 32 Jupiter, 5. 222. 32
Saturne, 5. 223. 21 31122222. 5. 224. 1239211132 ,93212319222 dr Jupiter, du
premier ordre.. 5. 225. euna 3262122222, 5. 226. 21 31122222. 5. 227. Va·
21211222 322 31322222, 5. 228. 2132 12222 1222112221, g, otuu· 5. 229 126·
9211132 32 222223 22322, 32 Jupiter, 5. 232. 32 Saturne, 5. 232. 21 31122222.
5. 232. Grande 123321113 32 Jupiter, 5. 233. 21 32 Saturne. 5. 234. Ν22221122
3272211222 qui 232211221 322 92323322122. 5. 235. Τ2121 322 1239211132 93212·
319222. 5. 236. 1327221122 311911922321291122213282122222. 5. 237. 1132163»
221122 322 31322222 922122 212222211222. 5. 238. Comparaiaon 32 1211232212
avec 122 observatiam. ’

CHAP. 11111. ’2122321212 auur ............ page 428

5. 239. Introduction. 5. 242. 1122222 qui 25122221222121222. 5. 242. Μο-
316221122 32 12 force neutrale 3222122 31222222 9221122 212 12212112. 5. 242.
1221211222321222221333. 5. 243. Μ222222221 3212212112. 5. 244. Mouve·
22221 3222921322. 5. 245. Μ222222221 322 222232. 5. 246. 11221211222 32 ”
1522112ιαί2222. 5. 247. 0222221122321212111232. 5. 248122211122222 32 12 223-
thoda 1222912732 9222 122 91223122. 5. 249. 1114221122 22222112 32 12 1222.
5. 252119221122 2322122122 32 222 22272222222222221. 5. 252. 1331122212 32
M. 3212912222. 5. 252.113221299222221322922211132 12221122221122. 5. 253.
Ρ22112 2111911922. 5. 254. 11292222122 32212212 3172211222 22 12221122 322
angles. 5. 255. Laura 2221211222. 5. 256. 1131εωί221122 322 2231621222.
5. 257. 11212222 2223219222. 5. 258.11922112222322121222.

GHAP. lx. The'orie 322621211322323291122· ...... p'uge 464

5. 259. 012121 32 22 1112291122. 5. 262. 31322222 32 221221. 5. 262. 1142211222
2322121222. 5. 262. 1238211132 93212319222. §- 263. 1239211132 a 12292393-
21232. 5. 264. Leurs integrales. 5. 265. Laura 2212222 3222 122 32119222.
5. 266. (1222221122 322 1239211132 92323322122. 5. 267. (3222222122 2212222.
5. 268. Ν222211239221122. 5. 269. Μ22222 322 2212111122. 5272. 11212222 nu·
2232117222 3221233211132.

CH Α Ρ. Χ. 134112πί2222 sur 12 21263113 du ayste'me soluite. page 482

5. 272. 012121 32 22 1112291122. 5. 272. 11133222621122 322 3172211222 2322121222.
5273. Laura 1213322122, 922 rapport 2222 2222212121132 21 aux 2921322, 5274.
21 9222299221 aua 122112212222 21 aux 222232. 5. 275. Lea 2222212121132 21
122122112212222222222222221 toujoun 12 922 92121222Ι 3121 221221. 5. 276.

 

